0400000000000000
04002b0000000000
00002b0000000000
0000000000000000
0000000000000000
0000220000000000
0000000000000000
0000000000000000
00001f0000000000
0000000000000000
0000000000000000
0000230000000000
0000000000000000
0000000000000000
00001e0000000000
0000000000000000
0000000000000000
0000240000000000
0000000000000000
0000000000000000
00001f0000000000
0000000000000000
0000000000000000
00001f0000000000
0000000000000000
0000000000000000
00001e0000000000
0000000000000000
0000000000000000
00001e0000000000
0000000000000000
0000000000000000
0000040000000000
0000000000000000
0000000000000000
0000270000000000
0000000000000000
0000000000000000
0000240000000000
0000000000000000
0000000000000000
0000270000000000
0000000000000000
0000000000000000
0000270000000000
0000000000000000
0000000000000000
0000390000000000
0000000000000000
0000000000000000
0000060000000000
0000000000000000
0000000000000000
0000390000000000
0000000000000000
0000000000000000
0000090000000000
0000000000000000
0000000000000000
0000260000000000
0000000000000000
0000000000000000
0000270000000000
0000000000000000
0000000000000000
0000240000000000
0000000000000000
0000000000000000
0000200000000000
0000000000000000
0000000000000000
0000270000000000
0000000000000000
0000000000000000
0000270000000000
0000000000000000
0000000000000000
0000270000000000
0000000000000000
0000000000000000
0000270000000000
0000000000000000
0000000000000000
0000270000000000
0000000000000000
0000000000000000
0000070000000000
0000000000000000
0000000000000000
0000270000000000
0000000000000000
0000000000000000
0000270000000000
0000000000000000
0000000000000000
0000270000000000
0000000000000000
0000000000000000
0000270000000000
0000000000000000
0000000000000000
0000270000000000
0000000000000000
0000000000000000
0000270000000000
0000000000000000
0000000000000000
0000270000000000
0000000000000000
0000000000000000
0000270000000000
0000000000000000
0000000000000000
0000270000000000
0000000000000000
0000000000000000
0000270000000000
0000000000000000
0000000000000000
0000270000000000
0000000000000000
0000000000000000
0000270000000000
0000000000000000
0000000000000000
0000270000000000
0000000000000000
0000000000000000
0000270000000000
0000000000000000
0000000000000000
0000060000000000
0000000000000000
0000000000000000
0000210000000000
0000000000000000
0000000000000000
0000220000000000
0000000000000000
0000000000000000
00001f0000000000
0000000000000000
0000000000000000
0000240000000000
0000000000000000
0000000000000000
0000210000000000
0000000000000000
0000000000000000
00001f0000000000
0000000000000000
0000000000000000
0000210000000000
0000000000000000
0000000000000000
0000260000000000
0000000000000000
0000000000000000
0000210000000000
0000000000000000
0000000000000000
0000200000000000
0000000000000000
0000000000000000
0000220000000000
0000000000000000
0000000000000000
0000270000000000
0000000000000000
0000000000000000
0000270000000000
0000000000000000
0000000000000000
0000200000000000
0000000000000000
0000000000000000
0000270000000000
0000000000000000
0000000000000000
0000270000000000
0000000000000000
0000000000000000
0000270000000000
0000000000000000
0000000000000000
0000270000000000
0000000000000000
0000000000000000
0000270000000000
0000000000000000
0000000000000000
0000270000000000
0000000000000000
0000000000000000
0000270000000000
0000000000000000
0000000000000000
00001f0000000000
0000000000000000
0000000000000000
0000390000000000
0000000000000000
0000000000000000
0000040000000000
0000000000000000
0000000000000000
0000270000000000
0000000000000000
0000000000000000
0000270000000000
0000000000000000
0000000000000000
0000270000000000
0000000000000000
0000000000000000
0000270000000000
0000000000000000
0000000000000000
0000270000000000
0000000000000000
0000000000000000
0000270000000000
0000000000000000
0000000000000000
0000390000000000
0000000000000000
0000000000000000
0000270000000000
0000000000000000
0000000000000000
00001f0000000000
0000000000000000
0000000000000000
0000050000000000
0000000000000000
0000000000000000
0000260000000000
0000000000000000
0000000000000000
0000090000000000
0000000000000000
0000000000000000
0000260000000000
0000000000000000
0000000000000000
0000050000000000
0000000000000000
0000000000000000
0000270000000000
0000000000000000
0000000000000000
0000220000000000
0000000000000000
0000000000000000
0000200000000000
0000000000000000
0000000000000000
0000270000000000
0000000000000000
0000000000000000
0000240000000000
0000000000000000
0000000000000000
0000240000000000
0000000000000000
0000000000000000
0000250000000000
0000000000000000
0000000000000000
0000050000000000
0000000000000000
0000000000000000
0000220000000000
0000000000000000
0000000000000000
0000220000000000
0000000000000000
0000000000000000
0000210000000000
0000000000000000
0000000000000000
00001e0000000000
0000000000000000
0000000000000000
0000070000000000
0000000000000000
0000000000000000
0000200000000000
0000000000000000
0000000000000000
0000200000000000
0000000000000000
0000000000000000
0000270000000000
0000000000000000
0000000000000000
0000250000000000
0000000000000000
0000000000000000
0000270000000000
0000000000000000
0000000000000000
0000270000000000
0000000000000000
0000000000000000
00001f0000000000
0000000000000000
0000000000000000
0000270000000000
0000000000000000
0000000000000000
0000270000000000
0000000000000000
0000000000000000
0000270000000000
0000000000000000
0000000000000000
0000270000000000
0000000000000000
0000000000000000
0000270000000000
0000000000000000
0000000000000000
0000270000000000
0000000000000000
0000000000000000
0000270000000000
0000000000000000
0000000000000000
0000230000000000
0000000000000000
0000000000000000
0000230000000000
0000000000000000
0000000000000000
0000230000000000
0000000000000000
0000000000000000
0000060000000000
0000000000000000
0000000000000000
0000230000000000
0000000000000000
0000000000000000
00001e0000000000
0000000000000000
0000000000000000
0000230000000000
0000000000000000
0000000000000000
0000240000000000
0000000000000000
0000000000000000
00001f0000000000
0000000000000000
0000000000000000
0000390000000000
0000000000000000
0000000000000000
0000080000000000
0000000000000000
0000000000000000
0000390000000000
0000000000000000
0000000000000000
0000240000000000
0000000000000000
0000000000000000
0000210000000000
0000000000000000
0000000000000000
0000240000000000
0000000000000000
0000000000000000
0000250000000000
0000000000000000
0000000000000000
0000240000000000
0000000000000000
0000000000000000
0000210000000000
0000000000000000
0000000000000000
0000390000000000
0000000000000000
0000000000000000
0000050000000000
0000000000000000
0000000000000000
0000260000000000
0000000000000000
0000000000000000
0000050000000000
0000000000000000
0000000000000000
0000390000000000
0000000000000000
0000000000000000
0000040000000000
0000000000000000
0000000000000000
0000270000000000
0000000000000000
0000000000000000
00001e0000000000
0000000000000000
0000000000000000
0000200000000000
0000000000000000
0000000000000000
00001f0000000000
0000000000000000
0000000000000000
0000210000000000
0000000000000000
0000000000000000
00001f0000000000
0000000000000000
0000000000000000
0000090000000000
0000000000000000
0000000000000000
0000200000000000
0000000000000000
0000000000000000
0000040000000000
0000000000000000
0000000000000000
0000390000000000
0000000000000000
0000000000000000
0000090000000000
0000000000000000
0000000000000000
0000060000000000
0000000000000000
0000000000000000
0000390000000000
0000000000000000
0000000000000000
0000270000000000
0000000000000000
0000000000000000
0000270000000000
0000000000000000
0000000000000000
0000270000000000
0000000000000000
0000000000000000
0000050000000000
0000000000000000
0000000000000000
0000270000000000
0000000000000000
0000000000000000
0000260000000000
0000000000000000
0000000000000000
00001f0000000000
0000000000000000
0000000000000000
0000060000000000
0000000000000000
0000000000000000
00001f0000000000
0000000000000000
0000000000000000
00001f0000000000
0000000000000000
0000000000000000
0000260000000000
0000000000000000
0000000000000000
0000070000000000
0000000000000000
0000000000000000
0000230000000000
0000000000000000
0000000000000000
0000080000000000
0000000000000000
0000000000000000
0000260000000000
0000000000000000
0000000000000000
0000260000000000
0000000000000000
0000000000000000
0000210000000000
0000000000000000
0000000000000000
00001e0000000000
0000000000000000
0000000000000000
0000230000000000
0000000000000000
0000000000000000
0000240000000000
0000000000000000
0000000000000000
0000060000000000
0000000000000000
0000000000000000
0000270000000000
0000000000000000
0000000000000000
0000220000000000
0000000000000000
0000000000000000
0000390000000000
0000000000000000
0000000000000000
0000040000000000
0000000000000000
0000000000000000
0000240000000000
0000000000000000
0000000000000000
0000390000000000
0000000000000000
0000000000000000
0000250000000000
0000000000000000
0000000000000000
0000240000000000
0000000000000000
0000000000000000
0000270000000000
0000000000000000
0000000000000000
0000250000000000
0000000000000000
0000000000000000
0000050000000000
0000000000000000
0000000000000000
00001f0000000000
0000000000000000
0000000000000000
0000240000000000
0000000000000000
0000000000000000
00001e0000000000
0000000000000000
0000000000000000
0000090000000000
0000000000000000
0000000000000000
0000390000000000
0000000000000000
0000000000000000
0000090000000000
0000000000000000
0000000000000000
0000060000000000
0000000000000000
0000000000000000
0000390000000000
0000000000000000
0000000000000000
0000270000000000
0000000000000000
0000000000000000
0000210000000000
0000000000000000
0000000000000000
00001f0000000000
0000000000000000
0000000000000000
0000040000000000
0000000000000000
0000000000000000
0000080000000000
0000000000000000
0000000000000000
0000200000000000
0000000000000000
0000000000000000
0000070000000000
0000000000000000
0000000000000000
00001f0000000000
0000000000000000
0000000000000000
0000220000000000
0000000000000000
0000000000000000
00001e0000000000
0000000000000000
0000000000000000
0000080000000000
0000000000000000
0000000000000000
0000230000000000
0000000000000000
0000000000000000
0000220000000000
0000000000000000
0000000000000000
0000220000000000
0000000000000000
0000000000000000
0000200000000000
0000000000000000
0000000000000000
0000230000000000
0000000000000000
0000000000000000
0000390000000000
0000000000000000
0000000000000000
0000090000000000
0000000000000000
0000000000000000
0000260000000000
0000000000000000
0000000000000000
0000040000000000
0000000000000000
0000000000000000
0000390000000000
0000000000000000
0000000000000000
0000070000000000
0000000000000000
0000000000000000
0000040000000000
0000000000000000
0000000000000000
0000250000000000
0000000000000000
0000000000000000
0000240000000000
0000000000000000
0000000000000000
0000060000000000
0000000000000000
0000000000000000
0000240000000000
0000000000000000
0000000000000000
0000240000000000
0000000000000000
0000000000000000
0000210000000000
0000000000000000
0000000000000000
0000270000000000
0000000000000000
0000000000000000
0000230000000000
0000000000000000
0000000000000000
0000050000000000
0000000000000000
0000000000000000
0000230000000000
0000000000000000
0000000000000000
0000240000000000
0000000000000000
0000000000000000
0000070000000000
0000000000000000
0000000000000000
0000270000000000
0000000000000000
0000000000000000
0000390000000000
0000000000000000
0000000000000000
0000080000000000
0000000000000000
0000000000000000
0000230000000000
0000000000000000
0000000000000000
0000200000000000
0000000000000000
0000000000000000
00001e0000000000
0000000000000000
0000000000000000
0000230000000000
0000000000000000
0000000000000000
0000230000000000
0000000000000000
0000000000000000
0000250000000000
0000000000000000
0000000000000000
0000210000000000
0000000000000000
0000000000000000
0000240000000000
0000000000000000
0000000000000000
0000230000000000
0000000000000000
0000000000000000
0000230000000000
0000000000000000
0000000000000000
0000390000000000
0000000000000000
0000000000000000
0000040000000000
0000000000000000
0000000000000000
0000250000000000
0000000000000000
0000000000000000
0000230000000000
0000000000000000
0000000000000000
0000080000000000
0000000000000000
0000000000000000
0000250000000000
0000000000000000
0000000000000000
0000210000000000
0000000000000000
0000000000000000
0000210000000000
0000000000000000
0000000000000000
0000070000000000
0000000000000000
0000000000000000
0000390000000000
0000000000000000
0000000000000000
0000060000000000
0000000000000000
0000000000000000
0000250000000000
0000000000000000
0000000000000000
00001e0000000000
0000000000000000
0000000000000000
0000040000000000
0000000000000000
0000000000000000
0000040000000000
0000000000000000
0000000000000000
00001f0000000000
0000000000000000
0000000000000000
0000390000000000
0000000000000000
0000000000000000
0000060000000000
0000000000000000
0000000000000000
0000240000000000
0000000000000000
0000000000000000
00001f0000000000
0000000000000000
0000000000000000
0000060000000000
0000000000000000
0000000000000000
0000240000000000
0000000000000000
0000000000000000
00001e0000000000
0000000000000000
0000000000000000
0000200000000000
0000000000000000
0000000000000000
0000210000000000
0000000000000000
0000000000000000
0000250000000000
0000000000000000
0000000000000000
0000070000000000
0000000000000000
0000000000000000
00001e0000000000
0000000000000000
0000000000000000
0000270000000000
0000000000000000
0000000000000000
0000060000000000
0000000000000000
0000000000000000
0000210000000000
0000000000000000
0000000000000000
0000390000000000
0000000000000000
0000000000000000
0000060000000000
0000000000000000
0000000000000000
00002a0000000000
0000000000000000
0000000000000000
0000200000000000
0000000000000000
0000000000000000
0000070000000000
0000000000000000
0000000000000000
0000240000000000
0000000000000000
0000000000000000
0000050000000000
0000000000000000
0000000000000000
0000390000000000
0000000000000000
0000000000000000
0000270000000000
0000000000000000
0000000000000000
0000270000000000
0000000000000000
0000000000000000
0000210000000000
0000000000000000
0000000000000000
0000270000000000
0000000000000000
0000000000000000
0000270000000000
0000000000000000
0000000000000000
0000240000000000
0000000000000000
0000000000000000
0000270000000000
0000000000000000
0000000000000000
0000270000000000
0000000000000000
0000000000000000
0100000000000000
0100080000000000
